Raw data																																															Well positions	
0s	1800s	3600s	5400s	7200s	9000s	10800s	12600s	14400s	16200s	18000s	19800s	21600s	23400s	25200s	27000s	28800s	30600s	32400s	34200s	36000s	37800s	39600s	41400s	43200s	45000s	46800s	48600s	50400s	52200s	54000s	55800s	57599s	59400s	61199s	62999s	64799s	66599s	68399s	70199s	71999s	73799s	75599s	77399s	79199s	80999s	82799s		
30.0 °C	30.1 °C	30.2 °C	30.2 °C	30.2 °C	30.1 °C	30.2 °C	30.0 °C	30.0 °C	30.2 °C	30.0 °C	30.0 °C	30.2 °C	30.0 °C	30.1 °C	30.1 °C	30.1 °C	30.0 °C	30.0 °C	30.1 °C	30.1 °C	30.0 °C	29.9 °C	30.1 °C	30.1 °C	30.0 °C	30.2 °C	30.4 °C	30.2 °C	30.1 °C	30.1 °C	30.1 °C	30.2 °C	30.0 °C	30.0 °C	30.0 °C	30.2 °C	30.1 °C	30.1 °C	30.0 °C	30.0 °C	30.1 °C	30.4 °C	30.1 °C	30.2 °C	30.1 °C	30.1 °C		
0.23348	0.2344	0.2344	0.23552	0.23392	0.23566	0.23318	0.23506	0.23592	0.23442	0.23566	0.23434	0.23266	0.2351	0.235	0.23482	0.2352	0.236	0.23302	0.235	0.2352	0.23572	0.23394	0.23512	0.23522	0.23416	0.23468	0.2342	0.23426	0.23506	0.23244	0.23238	0.22782	0.22788	0.22884	0.22714	0.22598	0.22566	0.2227	0.22358	0.22278	0.22308	0.22338	0.22454	0.22234	0.22174	0.2206	A1	
0.24526	0.24506	0.24578	0.24454	0.24428	0.24528	0.24412	0.24406	0.2427	0.24232	0.24292	0.24196	0.24218	0.2437	0.2442	0.24446	0.24246	0.24364	0.24194	0.24438	0.2458	0.2461	0.24604	0.25026	0.25446	0.25334	0.25544	0.26012	0.26952	0.2906	0.3039	0.31838	0.35232	0.37158	0.39358	0.42704	0.46162	0.50412	0.5462	0.58788	0.62408	0.65618	0.68556	0.71002	0.73498	0.75044	0.76146	A2	
0.2514	0.25406	0.25412	0.2526	0.25154	0.2526	0.25158	0.25226	0.25302	0.25452	0.2529	0.2545	0.2564	0.25768	0.2631	0.26506	0.27362	0.28318	0.29378	0.30742	0.32182	0.3394	0.35926	0.38708	0.40636	0.42226	0.44074	0.45832	0.4795	0.51672	0.55982	0.60188	0.63286	0.65924	0.67948	0.6945	0.70558	0.71682	0.72932	0.73706	0.7444	0.75168	0.76268	0.76726	0.77656	0.7839	0.78676	A3	
0.26828	0.26516	0.26696	0.26596	0.26504	0.26446	0.26362	0.26448	0.26356	0.26328	0.26458	0.2631	0.26458	0.26348	0.2657	0.2648	0.26488	0.2735	0.27368	0.27582	0.27666	0.27944	0.27936	0.28078	0.27792	0.27926	0.28108	0.28618	0.31574	0.3263	0.32856	0.327	0.35044	0.37212	0.4104	0.4773	0.5252	0.55596	0.565	0.58644	0.6347	0.6421	0.65468	0.66336	0.68256	0.70558	0.72056	A4	
0.26614	0.26542	0.26318	0.26354	0.26234	0.26248	0.2608	0.26248	0.2626	0.26064	0.26132	0.26158	0.26182	0.26254	0.26478	0.26512	0.26712	0.272	0.27424	0.282	0.28704	0.29748	0.30806	0.3238	0.33566	0.34854	0.37902	0.40078	0.41904	0.42864	0.44202	0.45652	0.4716	0.4813	0.49216	0.50908	0.52436	0.52556	0.51514	0.52552	0.5523	0.5709	0.58734	0.58774	0.59656	0.60378	0.60028	A5	
0.28992	0.2876	0.28806	0.28564	0.28324	0.28286	0.28392	0.28628	0.28336	0.28238	0.2821	0.28252	0.28198	0.28398	0.2855	0.28172	0.28242	0.2861	0.28732	0.28954	0.29222	0.29424	0.29674	0.29992	0.30384	0.30742	0.32496	0.33324	0.32798	0.34806	0.38628	0.39808	0.4083	0.431	0.47214	0.50472	0.53584	0.5602	0.59166	0.6509	0.6544	0.67084	0.69396	0.71968	0.7416	0.76968	0.79104	A6	
0.26142	0.25894	0.26002	0.25738	0.25734	0.25692	0.25756	0.25798	0.25852	0.2597	0.26004	0.26018	0.2631	0.26536	0.26778	0.27166	0.27642	0.28508	0.29356	0.30898	0.32262	0.34162	0.35694	0.39014	0.4148	0.44024	0.45522	0.4681	0.4833	0.50238	0.51874	0.53806	0.5536	0.57424	0.59604	0.61982	0.64096	0.66196	0.6861	0.69934	0.7152	0.72598	0.73884	0.75788	0.76424	0.7716	0.78072	A7	
0.2668	0.26338	0.26272	0.26272	0.26138	0.26192	0.2621	0.26088	0.26088	0.26084	0.26	0.26276	0.26236	0.26222	0.26162	0.26232	0.26404	0.26624	0.26492	0.26612	0.2695	0.27158	0.2708	0.27292	0.27902	0.282	0.28416	0.28914	0.2902	0.2956	0.30146	0.30248	0.30788	0.3126	0.32142	0.3271	0.33896	0.34772	0.3483	0.3543	0.36642	0.37192	0.37606	0.38306	0.38442	0.39158	0.39454	A8	
0.27942	0.27824	0.27402	0.27646	0.2748	0.2748	0.27332	0.2727	0.27242	0.27148	0.2722	0.27184	0.27094	0.27088	0.27102	0.27168	0.2705	0.27024	0.26976	0.26996	0.26946	0.27194	0.26818	0.26954	0.26782	0.26716	0.26604	0.26668	0.2664	0.26706	0.26566	0.26418	0.26614	0.2656	0.26362	0.26484	0.2634	0.26428	0.26316	0.26216	0.2627	0.26152	0.2619	0.26148	0.2629	0.26362	0.26132	A9	
0.28162	0.27866	0.27794	0.27752	0.27694	0.2743	0.27402	0.2755	0.2725	0.27296	0.27312	0.27148	0.27248	0.27334	0.275	0.27068	0.27032	0.27166	0.27022	0.27052	0.27158	0.27256	0.26822	0.26902	0.2683	0.26982	0.2684	0.26786	0.26876	0.27142	0.27002	0.26668	0.26694	0.26748	0.2704	0.26698	0.26548	0.26518	0.26596	0.26696	0.26536	0.26208	0.26462	0.26402	0.26304	0.26444	0.26404	A10	
0.28548	0.28316	0.28008	0.28088	0.2799	0.27878	0.2789	0.2777	0.27736	0.27764	0.27832	0.27624	0.27686	0.2776	0.27674	0.27642	0.2766	0.27726	0.2756	0.27552	0.27766	0.27628	0.27406	0.27446	0.27606	0.27402	0.27438	0.27492	0.2747	0.2745	0.27312	0.27436	0.27256	0.2748	0.27296	0.27262	0.26926	0.27196	0.27052	0.26984	0.27082	0.27028	0.2699	0.26916	0.26894	0.2714	0.27016	A11	
0.29008	0.28926	0.28564	0.28686	0.2855	0.28582	0.28594	0.2839	0.28258	0.28318	0.28378	0.2818	0.28418	0.2861	0.28568	0.28586	0.29064	0.29076	0.29328	0.29732	0.30444	0.31072	0.3214	0.33402	0.34474	0.36818	0.398	0.42902	0.46072	0.488	0.50044	0.50148	0.51062	0.52416	0.5373	0.54882	0.5566	0.56028	0.56264	0.5687	0.5779	0.58442	0.59354	0.59536	0.60966	0.62044	0.62452	A12	
0.23648	0.23696	0.23548	0.23856	0.23596	0.23698	0.23646	0.23574	0.23612	0.23554	0.2365	0.23696	0.23546	0.2349	0.23712	0.23638	0.23662	0.23636	0.23514	0.23592	0.23698	0.2376	0.2365	0.23808	0.23488	0.23296	0.23244	0.22972	0.22816	0.22888	0.2275	0.22672	0.22514	0.22476	0.22344	0.22516	0.2228	0.2237	0.22344	0.22192	0.22272	0.22362	0.226	0.22614	0.22568	0.22612	0.22646	B1	
0.26602	0.26642	0.26494	0.26532	0.26388	0.26492	0.26364	0.2647	0.26342	0.26306	0.26352	0.26352	0.26478	0.26514	0.26768	0.26758	0.26832	0.2726	0.27412	0.27668	0.28578	0.29088	0.29456	0.30368	0.31334	0.3411	0.37306	0.39186	0.38784	0.44436	0.47128	0.50586	0.54702	0.58632	0.62584	0.6604	0.68658	0.70862	0.72232	0.72984	0.75876	0.76382	0.77718	0.78958	0.80432	0.81994	0.8351	B2	
0.26782	0.26676	0.26612	0.26708	0.26434	0.26674	0.26574	0.26546	0.26506	0.26708	0.27032	0.26976	0.27346	0.27502	0.2795	0.28506	0.29286	0.30914	0.3174	0.32948	0.35872	0.37606	0.40598	0.43978	0.47994	0.52328	0.56802	0.61464	0.63882	0.64278	0.6445	0.64698	0.65056	0.65726	0.66944	0.68084	0.69042	0.70092	0.70976	0.71818	0.7256	0.73722	0.74506	0.75284	0.77096	0.78936	0.79822	B3	
0.25184	0.24992	0.251	0.2515	0.25066	0.2514	0.25168	0.25158	0.25072	0.2509	0.25178	0.25252	0.25388	0.25318	0.25344	0.25388	0.25914	0.26078	0.26456	0.26454	0.26938	0.26744	0.26864	0.2704	0.28114	0.29878	0.28346	0.3036	0.3172	0.33522	0.35928	0.39262	0.42996	0.46946	0.51764	0.5473	0.57646	0.60132	0.61522	0.64068	0.66226	0.67632	0.70004	0.71398	0.73554	0.75516	0.77028	B4	
0.25984	0.25938	0.25678	0.2619	0.25626	0.25936	0.25714	0.25824	0.25922	0.25882	0.25886	0.26158	0.26346	0.26238	0.2665	0.2721	0.27726	0.28434	0.29132	0.29948	0.32676	0.34382	0.36092	0.3817	0.42158	0.4428	0.44902	0.45554	0.4763	0.49718	0.5108	0.53318	0.54374	0.54922	0.56212	0.58118	0.59516	0.6022	0.60678	0.62092	0.62998	0.64054	0.6459	0.65014	0.66398	0.67308	0.67468	B5	
0.2534	0.25012	0.25	0.24958	0.24892	0.24854	0.24772	0.24844	0.24866	0.249	0.24772	0.24786	0.25318	0.25338	0.25674	0.25722	0.25994	0.26706	0.27016	0.2751	0.2809	0.28624	0.29584	0.31228	0.31658	0.3456	0.3684	0.40156	0.42856	0.46176	0.49892	0.53446	0.57406	0.60138	0.61388	0.64096	0.66494	0.68874	0.70544	0.71772	0.7306	0.73312	0.74288	0.7484	0.76198	0.7683	0.77416	B6	
0.25098	0.24906	0.24938	0.2489	0.24876	0.24848	0.24896	0.24948	0.25066	0.2515	0.25358	0.25472	0.25958	0.26106	0.26628	0.2728	0.2844	0.29326	0.30566	0.3269	0.34896	0.37778	0.40672	0.43074	0.44128	0.45904	0.47782	0.51262	0.54782	0.55594	0.56884	0.58452	0.59894	0.61164	0.63598	0.68262	0.71546	0.7377	0.75618	0.77424	0.78536	0.7975	0.80728	0.812	0.82082	0.82658	0.83124	B7	
0.29044	0.28672	0.28662	0.28856	0.28546	0.28762	0.28564	0.28386	0.2857	0.28622	0.28532	0.28512	0.28558	0.2845	0.28764	0.28666	0.28942	0.28962	0.2924	0.29148	0.2951	0.2971	0.30092	0.30582	0.3072	0.31094	0.31314	0.31748	0.31876	0.32616	0.32646	0.33356	0.33744	0.34344	0.35052	0.35872	0.35948	0.36666	0.3669	0.3696	0.37548	0.3779	0.37328	0.37512	0.37586	0.37832	0.37916	B8	
0.26664	0.26352	0.26216	0.26406	0.26246	0.26434	0.26198	0.26206	0.26184	0.2626	0.26164	0.26	0.26062	0.25952	0.2612	0.26154	0.26114	0.2609	0.26126	0.26108	0.2617	0.26084	0.26104	0.2607	0.25944	0.25784	0.25756	0.25884	0.25794	0.25834	0.25642	0.25842	0.25826	0.25776	0.25544	0.25684	0.2543	0.25676	0.25434	0.25398	0.25464	0.25512	0.25494	0.2556	0.25534	0.25434	0.25474	B9	
0.29772	0.29382	0.29234	0.29482	0.29212	0.2925	0.28956	0.29202	0.29126	0.29028	0.29034	0.29068	0.28934	0.29	0.29156	0.28968	0.29108	0.289	0.2907	0.28842	0.28934	0.28848	0.28944	0.29006	0.28826	0.28868	0.28664	0.286	0.28634	0.2882	0.28712	0.28762	0.2856	0.28402	0.28452	0.28322	0.2836	0.28242	0.28184	0.28212	0.28182	0.28172	0.28322	0.2808	0.28132	0.28072	0.28222	B10	
0.27308	0.26672	0.26768	0.2681	0.266	0.2666	0.26634	0.26614	0.26582	0.265	0.26504	0.26534	0.26614	0.26538	0.26464	0.26604	0.26634	0.26428	0.26602	0.26478	0.26636	0.26496	0.2654	0.26564	0.26448	0.26406	0.26346	0.26286	0.26534	0.2645	0.26296	0.26392	0.26436	0.26304	0.26244	0.26452	0.26332	0.263	0.26324	0.26064	0.26132	0.2606	0.26132	0.26226	0.26216	0.26286	0.2619	B11	
0.26818	0.26574	0.26506	0.26566	0.2651	0.26444	0.26338	0.26208	0.26214	0.26244	0.26282	0.26436	0.2642	0.26518	0.26674	0.26672	0.27128	0.27154	0.27486	0.2783	0.28508	0.28952	0.29812	0.30796	0.32484	0.35612	0.38508	0.42462	0.45908	0.48684	0.52306	0.55938	0.58766	0.62822	0.65028	0.61296	0.62116	0.61358	0.6296	0.634	0.64794	0.65618	0.67216	0.68086	0.70344	0.72708	0.73476	B12	
0.25504	0.25486	0.25392	0.2557	0.25402	0.25434	0.25314	0.25332	0.25282	0.25254	0.25188	0.25324	0.2517	0.24974	0.25256	0.25132	0.24996	0.25112	0.2504	0.25128	0.24998	0.24906	0.24976	0.2529	0.25002	0.24908	0.24946	0.24798	0.25136	0.24816	0.24918	0.24764	0.24644	0.24276	0.24178	0.24052	0.2405	0.23998	0.23816	0.23582	0.23728	0.23716	0.23656	0.23496	0.23526	0.23614	0.23368	C1	
0.24056	0.24078	0.24068	0.23974	0.23992	0.23882	0.23952	0.2401	0.2394	0.23676	0.23596	0.23776	0.23738	0.2382	0.23966	0.237	0.23808	0.2383	0.24104	0.24302	0.24348	0.24644	0.24932	0.25828	0.2569	0.26654	0.27226	0.27708	0.28688	0.30406	0.34258	0.37016	0.37094	0.41644	0.44922	0.49122	0.52506	0.56288	0.60166	0.63236	0.65498	0.6811	0.70026	0.71632	0.7337	0.74244	0.74274	C2	
0.26104	0.2603	0.26138	0.25962	0.2584	0.2585	0.25734	0.25802	0.25918	0.2577	0.25638	0.25964	0.26274	0.26326	0.26762	0.2675	0.27536	0.28464	0.29652	0.30988	0.3243	0.34226	0.36094	0.383	0.41506	0.44178	0.45478	0.46258	0.47752	0.49378	0.51656	0.54808	0.57342	0.6049	0.6317	0.65472	0.66912	0.67742	0.69528	0.70366	0.71388	0.7233	0.73702	0.74256	0.75468	0.76842	0.76968	C3	
0.27566	0.27256	0.27218	0.27328	0.27184	0.27164	0.27256	0.27086	0.27198	0.27042	0.26944	0.2722	0.27124	0.27246	0.27178	0.27446	0.27644	0.27612	0.28262	0.2846	0.28724	0.28672	0.28858	0.28992	0.29222	0.2964	0.29766	0.30794	0.33984	0.3379	0.3547	0.37812	0.4289	0.47494	0.51696	0.54828	0.57566	0.5949	0.61676	0.63876	0.66028	0.6854	0.69732	0.70824	0.73136	0.74786	0.75786	C4	
0.2803	0.2779	0.27784	0.27802	0.2757	0.27586	0.27628	0.27654	0.27766	0.27406	0.27236	0.2759	0.27692	0.27466	0.27892	0.27966	0.28122	0.28542	0.2891	0.29538	0.29926	0.3117	0.32474	0.33798	0.35092	0.3703	0.39376	0.41482	0.43222	0.43976	0.45252	0.46924	0.48358	0.4952	0.51046	0.52454	0.5363	0.54466	0.54012	0.55788	0.56888	0.58958	0.6041	0.60288	0.629	0.63702	0.6305	C5	
0.28026	0.2774	0.27738	0.27762	0.2763	0.27498	0.27584	0.27662	0.27542	0.27382	0.27232	0.27442	0.27444	0.27348	0.27622	0.2738	0.27692	0.27476	0.2783	0.28224	0.2864	0.28538	0.28678	0.2932	0.29744	0.3026	0.30892	0.32102	0.3238	0.3466	0.34156	0.37402	0.39698	0.42672	0.4522	0.49174	0.53004	0.57196	0.59328	0.6312	0.64626	0.6594	0.68456	0.70568	0.7323	0.7565	0.77636	C6	
0.27708	0.27718	0.27746	0.27724	0.2764	0.27638	0.2775	0.27692	0.27736	0.27652	0.2766	0.28222	0.2825	0.28606	0.28764	0.29148	0.29928	0.30684	0.3177	0.33312	0.35256	0.36666	0.39238	0.4215	0.44394	0.46546	0.48048	0.49456	0.50626	0.52016	0.5336	0.54858	0.56268	0.57534	0.5883	0.6033	0.62136	0.63926	0.6655	0.6896	0.70642	0.72316	0.73418	0.74844	0.76758	0.77952	0.78374	C7	
0.27482	0.27456	0.275	0.2748	0.27512	0.2733	0.27416	0.27302	0.27286	0.27388	0.27358	0.27448	0.27532	0.27286	0.2752	0.27444	0.27682	0.2774	0.27864	0.28028	0.28388	0.28358	0.2866	0.29364	0.29598	0.30036	0.30154	0.30592	0.31218	0.32078	0.3278	0.3272	0.33742	0.3438	0.35182	0.36122	0.37134	0.37492	0.38002	0.38326	0.3847	0.38744	0.389	0.39266	0.39702	0.40044	0.39834	C8	
0.26162	0.2622	0.26158	0.26208	0.26162	0.2604	0.25998	0.26152	0.25978	0.25992	0.25944	0.25968	0.26024	0.26002	0.25896	0.25726	0.25778	0.25826	0.25732	0.2568	0.2565	0.25494	0.25648	0.25628	0.2576	0.25464	0.25494	0.25378	0.254	0.25444	0.25626	0.25524	0.25472	0.2522	0.25336	0.25374	0.25256	0.25244	0.2524	0.25164	0.25224	0.25348	0.25148	0.25264	0.25266	0.25402	0.25236	C9	
0.3061	0.3044	0.30256	0.30258	0.30326	0.30292	0.30326	0.30398	0.29998	0.3002	0.30038	0.30012	0.30002	0.30174	0.29878	0.29642	0.29722	0.2982	0.29788	0.2962	0.29542	0.29514	0.2964	0.29586	0.29456	0.2966	0.29516	0.29376	0.29404	0.29552	0.29522	0.29396	0.29336	0.29314	0.29412	0.29096	0.28968	0.2895	0.29074	0.29032	0.29162	0.29044	0.28794	0.28614	0.28768	0.28802	0.28766	C10	
0.29448	0.29282	0.29112	0.28984	0.28976	0.28856	0.28926	0.28916	0.28838	0.2879	0.28814	0.28804	0.28752	0.28946	0.28564	0.2842	0.2855	0.28532	0.2853	0.28368	0.2841	0.28334	0.28502	0.28368	0.28336	0.28542	0.2827	0.2805	0.28022	0.28158	0.2805	0.2815	0.27992	0.28088	0.28034	0.2796	0.27824	0.27746	0.27852	0.27836	0.27726	0.27732	0.27518	0.27624	0.27606	0.2765	0.27594	C11	
0.30114	0.29926	0.29688	0.29638	0.29748	0.29672	0.29736	0.29418	0.2936	0.29226	0.2926	0.29234	0.29348	0.2933	0.2936	0.29438	0.29892	0.30174	0.30426	0.31122	0.3157	0.32832	0.34336	0.3554	0.37288	0.40086	0.42912	0.46144	0.48956	0.50398	0.51038	0.52192	0.53474	0.54696	0.55736	0.56466	0.57032	0.5743	0.57596	0.57948	0.58556	0.59078	0.59726	0.60038	0.6164	0.6307	0.63056	C12	
0.23996	0.24194	0.24112	0.24088	0.24172	0.24076	0.2409	0.24182	0.23992	0.23914	0.23974	0.2398	0.23962	0.23866	0.23864	0.23856	0.23976	0.23874	0.23788	0.23902	0.23806	0.23862	0.23736	0.2379	0.23732	0.23682	0.2382	0.23744	0.23696	0.23874	0.23898	0.23814	0.23762	0.23302	0.23238	0.23202	0.22934	0.23	0.22684	0.2287	0.22762	0.22754	0.22644	0.22558	0.22572	0.2259		D1	
0.26838	0.27026	0.26884	0.26918	0.26884	0.26776	0.26842	0.26922	0.2664	0.268	0.2655	0.26472	0.26674	0.2658	0.26564	0.26626	0.26846	0.26682	0.2683	0.26916	0.27292	0.27652	0.27746	0.28204	0.29506	0.29788	0.30958	0.3167	0.33474	0.35834	0.39118	0.41306	0.43374	0.45532	0.49634	0.54004	0.57994	0.61648	0.64814	0.6785	0.7009	0.72616	0.73558	0.74302	0.75086	0.76644		D2	
0.26236	0.26362	0.26414	0.26278	0.26312	0.26162	0.26354	0.26292	0.2636	0.26564	0.26416	0.26462	0.26868	0.26972	0.27128	0.27492	0.28608	0.29958	0.30814	0.31822	0.33512	0.35454	0.37862	0.40366	0.423	0.4468	0.45748	0.47308	0.49432	0.53376	0.5747	0.6115	0.64384	0.6653	0.67878	0.69556	0.70664	0.71044	0.7246	0.7328	0.74288	0.75372	0.761	0.76782	0.77466	0.7833		D3	
0.26436	0.26576	0.26334	0.26168	0.26234	0.26154	0.26292	0.26184	0.26094	0.26144	0.26182	0.2614	0.2613	0.26062	0.26092	0.25874	0.26288	0.25944	0.26026	0.26186	0.26168	0.2633	0.2626	0.26466	0.2655	0.26702	0.27032	0.2719	0.27372	0.27656	0.27646	0.27734	0.28866	0.27472	0.28944	0.31484	0.33212	0.3476	0.36754	0.40216	0.45152	0.5028	0.53098	0.56616	0.59114	0.61144	0.63448	D4	
0.29602	0.29606	0.2921	0.29362	0.29428	0.29424	0.29462	0.29416	0.29332	0.29294	0.29434	0.29268	0.29308	0.29244	0.29514	0.29528	0.30038	0.3008	0.30376	0.31032	0.31552	0.32982	0.34142	0.3467	0.3596	0.37948	0.40226	0.428	0.45116	0.47022	0.48404	0.4973	0.50014	0.5109	0.51932	0.53668	0.55026	0.55864	0.55322	0.56352	0.59216	0.61974	0.63296	0.63488	0.6478	0.64748	0.64632	D5	
0.27018	0.26926	0.26642	0.26746	0.2657	0.26494	0.26654	0.26604	0.26572	0.26406	0.26482	0.2644	0.26386	0.26522	0.26656	0.2673	0.26982	0.26766	0.27014	0.27342	0.2771	0.27878	0.28472	0.28752	0.29224	0.30232	0.30642	0.31692	0.33574	0.33344	0.37028	0.39854	0.42474	0.45426	0.49602	0.51972	0.57604	0.60124	0.62316	0.64812	0.66286	0.68796	0.7099	0.73586	0.75724	0.7768	0.79542	D6	
0.28218	0.28144	0.28036	0.27974	0.2797	0.2796	0.28276	0.28184	0.2812	0.2841	0.2827	0.28608	0.28846	0.28902	0.29318	0.29886	0.30786	0.31418	0.32396	0.34046	0.36266	0.38132	0.40734	0.43512	0.4563	0.48004	0.4899	0.50664	0.52036	0.53308	0.54798	0.56096	0.5729	0.58604	0.59766	0.60584	0.61552	0.62818	0.6478	0.6707	0.69326	0.70686	0.72886	0.7423	0.7614	0.77354	0.78242	D7	
0.27782	0.2767	0.27738	0.2752	0.27404	0.27562	0.27666	0.27412	0.2729	0.27482	0.27366	0.27514	0.27582	0.2729	0.27514	0.2761	0.27772	0.27668	0.27946	0.27936	0.28318	0.28486	0.28614	0.28984	0.29162	0.2963	0.29986	0.30592	0.31078	0.3181	0.32282	0.32592	0.3253	0.3326	0.34048	0.3507	0.35638	0.35938	0.36406	0.36858	0.37188	0.37248	0.3769	0.3806	0.3796	0.38212	0.382	D8	
0.27064	0.26908	0.26876	0.26854	0.26688	0.26722	0.2664	0.26718	0.2675	0.266	0.26616	0.26538	0.2673	0.26476	0.26458	0.26426	0.26704	0.26546	0.26476	0.26468	0.26472	0.26396	0.26428	0.26328	0.26448	0.26278	0.26352	0.26282	0.26098	0.2611	0.26034	0.26074	0.26112	0.26014	0.2598	0.25984	0.25932	0.25928	0.25862	0.25824	0.25692	0.2574	0.25944	0.26008	0.2568	0.2595	0.25744	D9	
0.30728	0.30292	0.30654	0.30408	0.3022	0.30102	0.30296	0.30214	0.3019	0.30126	0.29966	0.29968	0.30016	0.3003	0.30056	0.29746	0.30128	0.29814	0.29698	0.2956	0.2965	0.29872	0.2959	0.29606	0.29614	0.29714	0.29544	0.29162	0.2939	0.29514	0.29484	0.29428	0.29416	0.29096	0.29038	0.29238	0.29114	0.28842	0.28878	0.28808	0.28924	0.28862	0.28736	0.2886	0.28776	0.2872	0.28672	D10	
0.29896	0.29314	0.2927	0.28664	0.2909	0.28888	0.28976	0.29024	0.29012	0.28896	0.28816	0.28948	0.2901	0.28778	0.28786	0.28646	0.29052	0.28582	0.28608	0.28482	0.28696	0.28746	0.28604	0.28388	0.2836	0.28356	0.2837	0.2817	0.28304	0.28398	0.28166	0.28274	0.27978	0.2813	0.27838	0.28012	0.28092	0.27826	0.2777	0.27936	0.27854	0.27676	0.27706	0.27758	0.2761	0.27714	0.27772	D11	
0.30496	0.30116	0.29764	0.29698	0.29684	0.29732	0.29702	0.29376	0.29446	0.29434	0.29406	0.29604	0.29332	0.29422	0.29494	0.29578	0.30044	0.30222	0.3049	0.30784	0.31426	0.32184	0.3311	0.3412	0.35716	0.37604	0.40548	0.4381	0.47986	0.49058	0.49294	0.50162	0.51312	0.52776	0.53976	0.55242	0.56346	0.57058	0.57668	0.58772	0.59758	0.60994	0.62228	0.62718	0.6416	0.65966	0.66464	D12	
0.2434	0.24292	0.24356	0.24418	0.24362	0.24342	0.24376	0.24522	0.24494	0.24424	0.24746	0.24882	0.24982	0.2525	0.26164	0.26512	0.2762	0.28438	0.29814	0.31574	0.33298	0.34638	0.3555	0.36494	0.37272	0.3836	0.39062	0.39914	0.4069	0.41716	0.4346	0.4494	0.45762	0.47178	0.492	0.51672	0.53534	0.5538	0.57346	0.59964	0.62326	0.6449	0.67132	0.69522	0.72818	0.76036		E1	
0.23976	0.23902	0.23948	0.23992	0.23818	0.23772	0.23996	0.23986	0.2409	0.24124	0.24096	0.244	0.24686	0.24994	0.25572	0.26044	0.2719	0.28182	0.2948	0.3097	0.34338	0.3722	0.42236	0.463	0.51442	0.5645	0.6089	0.65394	0.70722	0.78816	0.86336	0.91442	0.95904	0.99632	1.0285	1.049	1.0709	1.1111	1.1387	1.1574	1.1679	1.1781	1.1919	1.2062	1.2209	1.2358		E2	
0.25588	0.2556	0.25574	0.25436	0.25426	0.25402	0.25708	0.25684	0.25836	0.26198	0.26144	0.26642	0.27608	0.2856	0.30304	0.32162	0.35302	0.37742	0.40256	0.42024	0.43424	0.48454	0.52386	0.56228	0.6049	0.65516	0.69084	0.72802	0.75958	0.81362	0.88856	0.90854	0.93634	0.9667	0.99202	1.0015	1.0255	1.047	1.0612	1.0746	1.0648	1.0717	1.0782	1.0927	1.1058	1.1255		E3	
0.2767	0.27416	0.27826	0.27306	0.2723	0.27092	0.27386	0.27278	0.2738	0.2731	0.27302	0.27422	0.27546	0.2753	0.27612	0.27606	0.2833	0.28634	0.29008	0.28608	0.28878	0.29102	0.30026	0.28662	0.30278	0.33208	0.35266	0.38238	0.44648	0.4934	0.53252	0.57074	0.59988	0.6302	0.68162	0.72562	0.77588	0.84114	0.89474	0.9352	0.95614	0.97174	0.98792	0.99208	1.032	1.0498		E4	
0.26854	0.26754	0.26732	0.2663	0.26586	0.2663	0.26828	0.26832	0.26818	0.26888	0.27052	0.27414	0.27866	0.28506	0.29392	0.30294	0.31798	0.34014	0.35928	0.38682	0.4172	0.44296	0.46196	0.47208	0.48854	0.51082	0.54712	0.59164	0.64592	0.70832	0.73982	0.77582	0.80914	0.8468	0.88568	0.9271	0.95174	0.97146	1.0073	1.0303	1.0489	1.0651	1.0858	1.1016	1.1209	1.14		E5	
0.27088	0.26808	0.26894	0.2693	0.26526	0.2659	0.26818	0.26632	0.26836	0.26758	0.26754	0.27272	0.27474	0.27624	0.2806	0.286	0.29178	0.30524	0.31674	0.32618	0.33614	0.351	0.39104	0.41934	0.45014	0.48904	0.51588	0.53962	0.56296	0.5723	0.59412	0.61946	0.64676	0.67032	0.6961	0.71616	0.73762	0.76916	0.78412	0.80408	0.80778	0.82728	0.84754	0.85968	0.93358	0.96612		E6	
0.26822	0.26932	0.26894	0.26746	0.26744	0.26962	0.27142	0.27098	0.27456	0.27738	0.28144	0.28908	0.29726	0.3016	0.31352	0.32894	0.36038	0.39988	0.42828	0.45356	0.49058	0.51878	0.56332	0.63118	0.67628	0.72198	0.80384	0.86078	0.89952	0.8922	0.94106	0.96052	0.96708	0.98482	1.01	1.0353	1.0676	1.107	1.1326	1.1496	1.1479	1.1544	1.1555	1.1648	1.1871	1.1926		E7	
0.2859	0.28408	0.28442	0.28412	0.28232	0.28422	0.28476	0.28076	0.2839	0.28512	0.28388	0.28658	0.28728	0.29036	0.29384	0.2974	0.30394	0.30606	0.31602	0.31928	0.32392	0.3336	0.34614	0.36046	0.3693	0.38136	0.40924	0.42808	0.44896	0.46454	0.48358	0.5027	0.51982	0.54388	0.5693	0.60356	0.64628	0.7009	0.76694	0.82966	0.8684	0.9017	0.92744	0.94692	0.9727	0.99866		E8	
0.28072	0.27686	0.27772	0.27806	0.27788	0.27582	0.27734	0.27812	0.27896	0.2794	0.27938	0.28468	0.28382	0.28864	0.29538	0.3048	0.31296	0.3207	0.33452	0.3469	0.36526	0.38534	0.40354	0.42544	0.44034	0.46242	0.4831	0.5033	0.5294	0.56452	0.6096	0.67032	0.73192	0.79704	0.86318	0.91276	0.95508	1.0061	1.0547	1.0865	1.1045	1.1271	1.1474	1.1665	1.2005	1.2245		E9	
0.2947	0.293	0.29232	0.2901	0.28904	0.28838	0.29058	0.2899	0.28966	0.29166	0.2881	0.29272	0.29208	0.29128	0.29536	0.29476	0.29724	0.298	0.30352	0.30352	0.30776	0.30966	0.31316	0.31752	0.31872	0.32412	0.3275	0.33292	0.34062	0.34962	0.35998	0.37048	0.38042	0.39444	0.40844	0.42304	0.43716	0.45554	0.47634	0.49604	0.53566	0.55054	0.57654	0.60118	0.62196	0.64616		E10	
0.29282	0.2945	0.29158	0.29154	0.29246	0.2924	0.2917	0.29194	0.29308	0.294	0.29364	0.29628	0.29922	0.30322	0.30852	0.31472	0.32112	0.3303	0.3388	0.35268	0.36908	0.38856	0.4083	0.429	0.44696	0.47104	0.48862	0.50568	0.5312	0.564	0.60706	0.66764	0.73622	0.79836	0.8432	0.87214	0.89302	0.91846	0.93284	0.93624	0.93542	0.93344	0.93962	0.94806	0.96964	0.97866		E11	
0.30544	0.30416	0.30288	0.30536	0.30096	0.30094	0.3052	0.30188	0.30334	0.30336	0.3055	0.3092	0.3145	0.31782	0.32872	0.3453	0.366	0.38956	0.42662	0.46	0.49614	0.52524	0.54278	0.55918	0.59248	0.64364	0.70712	0.77	0.83532	0.89452	0.93344	0.95506	0.99694	1.0116	1.0354	1.0385	1.0508	1.0849	1.1523	1.1593	1.1555	1.168	1.1848	1.2024	1.2297	1.2715		E12	
0.26636	0.26552	0.2637	0.26588	0.26678	0.26572	0.26422	0.26566	0.26456	0.26606	0.26932	0.26892	0.26808	0.27054	0.27434	0.27652	0.2822	0.29198	0.30158	0.31694	0.33384	0.3478	0.35958	0.3707	0.37656	0.39066	0.40034	0.40972	0.41664	0.42314	0.43988	0.45218	0.46896	0.48554	0.50338	0.5241	0.54558	0.56152	0.5814	0.60426	0.6304	0.65394	0.68328	0.71	0.75246	0.78684		F1	
0.25132	0.25334	0.25438	0.25428	0.2542	0.25202	0.2524	0.2548	0.25352	0.25644	0.25664	0.26	0.26272	0.265	0.26984	0.27664	0.28942	0.29982	0.32194	0.3503	0.38268	0.40272	0.46874	0.5116	0.55338	0.6029	0.65212	0.70114	0.78498	0.87304	0.94352	0.99102	1.0361	1.0688	1.0995	1.1227	1.1462	1.1833	1.2105	1.2276	1.2372	1.2438	1.2578	1.27	1.2849	1.2992		F2	
0.25198	0.25342	0.25156	0.25194	0.25412	0.25158	0.25432	0.25374	0.25528	0.25788	0.25872	0.2616	0.26678	0.2726	0.28592	0.30242	0.32482	0.35434	0.3794	0.40546	0.41458	0.4498	0.48422	0.52196	0.56772	0.59488	0.6474	0.73624	0.77444	0.78216	0.83476	0.83828	0.90152	0.92608	0.96944	0.9697	1.0009	1.0206	1.0498	1.0576	1.0609	1.0431	1.0934	1.0691	1.0927	1.0636		F3	
0.26928	0.26964	0.26798	0.26936	0.26666	0.26626	0.26766	0.26754	0.26696	0.26774	0.2672	0.26704	0.26854	0.26624	0.26754	0.26874	0.2679	0.26884	0.27028	0.27388	0.27886	0.27874	0.27952	0.2834	0.2904	0.28748	0.28972	0.29344	0.34456	0.36368	0.41048	0.45778	0.50066	0.542	0.57396	0.607	0.63838	0.67918	0.74406	0.80258	0.8696	0.92246	0.96558	0.99818	1.0423	1.0796		F4	
0.26978	0.26972	0.2682	0.26984	0.26908	0.26926	0.2691	0.27098	0.27112	0.27222	0.27268	0.27328	0.27608	0.28098	0.2909	0.29942	0.3145	0.32866	0.34742	0.37154	0.40184	0.43496	0.45794	0.46934	0.48462	0.50958	0.54034	0.57926	0.63102	0.69778	0.73458	0.78646	0.83026	0.87104	0.89146	0.927	0.93984	0.95646	0.97634	0.99864	1.0392	1.0709	1.0885	1.1011	1.1207	1.1412		F5	
0.27684	0.27644	0.27748	0.27922	0.27492	0.2747	0.27592	0.27754	0.27894	0.27686	0.27818	0.2813	0.28318	0.28202	0.28716	0.28938	0.29712	0.30828	0.31896	0.33	0.347	0.3614	0.39272	0.42166	0.44066	0.47088	0.49812	0.52008	0.53694	0.55802	0.58396	0.61394	0.65576	0.6848	0.71814	0.73774	0.76056	0.80514	0.84194	0.85612	0.85396	0.87122	0.89734	0.91746	1.0047	1.0372		F6	
0.2818	0.28354	0.28204	0.28302	0.28278	0.28094	0.28508	0.28394	0.28836	0.29362	0.29602	0.30074	0.30826	0.31198	0.3205	0.33764	0.36884	0.40284	0.43694	0.46066	0.49016	0.54358	0.58574	0.64086	0.68554	0.7638	0.80994	0.86932	0.91228	0.94466	0.96468	0.99882	1.0273	1.043	1.0701	1.1019	1.1253	1.1333	1.1498	1.1675	1.1733	1.1923	1.2026	1.2096	1.2142	1.2209		F7	
0.26206	0.26244	0.26024	0.26302	0.26026	0.26114	0.26294	0.26046	0.2614	0.26226	0.26362	0.26446	0.26798	0.26618	0.2693	0.26992	0.27706	0.2828	0.28768	0.29692	0.30346	0.3099	0.32008	0.33562	0.34806	0.36756	0.38192	0.3964	0.41438	0.42708	0.44348	0.45486	0.47302	0.48666	0.50664	0.53192	0.56086	0.59604	0.63582	0.68764	0.73664	0.78524	0.82164	0.84924	0.88872	0.92326		F8	
0.26804	0.26774	0.26624	0.26934	0.26726	0.26732	0.26536	0.26838	0.27006	0.26842	0.26998	0.26966	0.27262	0.27236	0.2797	0.2812	0.28938	0.2989	0.30786	0.31888	0.33474	0.35474	0.37196	0.39122	0.41286	0.44102	0.47216	0.50404	0.53064	0.56248	0.58192	0.61456	0.6561	0.70494	0.7647	0.83196	0.89062	0.94808	0.9967	1.039	1.0743	1.1051	1.1321	1.1549	1.178	1.1985		F9	
0.26898	0.26716	0.26722	0.26856	0.26698	0.26608	0.26598	0.26822	0.26876	0.26652	0.2678	0.2697	0.27028	0.26942	0.27054	0.26864	0.27202	0.2738	0.27642	0.27574	0.27838	0.2799	0.28938	0.29514	0.30218	0.2976	0.30188	0.30888	0.31754	0.3281	0.33546	0.34572	0.36154	0.36976	0.38638	0.40426	0.4246	0.44132	0.46718	0.49318	0.51962	0.54978	0.5773	0.61238	0.63274	0.66528		F10	
0.29926	0.29784	0.2976	0.29812	0.29786	0.29544	0.2957	0.29638	0.29836	0.29772	0.29938	0.30052	0.30194	0.30078	0.30586	0.31166	0.31368	0.32364	0.33304	0.34172	0.35428	0.37102	0.3902	0.40736	0.42916	0.45962	0.48866	0.52282	0.55306	0.57928	0.60202	0.6447	0.69622	0.74926	0.80126	0.8398	0.86572	0.8949	0.89176	0.9013	0.90414	0.90798	0.9141	0.91358	0.9177	0.92652		F11	
0.29222	0.2893	0.28798	0.28892	0.28666	0.2885	0.28818	0.28672	0.28758	0.28888	0.29112	0.29268	0.29724	0.30092	0.30892	0.3219	0.34088	0.36172	0.39234	0.42982	0.46788	0.50216	0.52916	0.5469	0.55906	0.60232	0.65554	0.7142	0.7784	0.84118	0.87538	0.91	0.95352	0.96344	0.98824	0.99078	1.0082	1.0451	1.0977	1.1119	1.1107	1.1251	1.1465	1.168	1.192	1.2276		F12	
0.26602	0.26444	0.26174	0.26496	0.26442	0.26332	0.26254	0.2617	0.26392	0.26336	0.2663	0.26486	0.268	0.27008	0.27098	0.27448	0.283	0.28616	0.2978	0.3062	0.32632	0.34048	0.35594	0.36926	0.37544	0.3876	0.40052	0.40574	0.4141	0.42396	0.44808	0.46574	0.48156	0.50614	0.5319	0.56102	0.57348	0.59204	0.61468	0.63422	0.64942	0.6747	0.70932	0.74142	0.7768	0.8046		G1	
0.24704	0.24638	0.2461	0.24674	0.24686	0.2461	0.24448	0.247	0.24658	0.24772	0.24774	0.24944	0.25428	0.25556	0.2601	0.26462	0.2783	0.29304	0.30326	0.31862	0.35144	0.38206	0.4133	0.46968	0.5128	0.56338	0.61136	0.66	0.7015	0.78006	0.85238	0.90594	0.95382	0.99264	1.0243	1.0452	1.0699	1.1058	1.1371	1.156	1.1693	1.1835	1.1951	1.2068	1.2272	1.2409		G2	
0.25776	0.25712	0.25692	0.2562	0.25794	0.25688	0.25838	0.26006	0.26044	0.26206	0.26634	0.268	0.2763	0.28522	0.3021	0.32106	0.34822	0.37854	0.40128	0.42606	0.4294	0.48918	0.51524	0.56672	0.60368	0.65694	0.71602	0.7278	0.75354	0.81356	0.85854	0.9025	0.93038	0.98866	0.98248	0.99482	0.99312	1.0365	1.0466	1.0562	1.0533	1.1065	1.1523	1.176	1.1816	1.1703		G3	
0.28	0.28058	0.27812	0.27912	0.27776	0.2779	0.27748	0.27736	0.27664	0.27686	0.27854	0.2762	0.27918	0.27756	0.279	0.27668	0.28208	0.28462	0.2885	0.29032	0.28874	0.29808	0.28836	0.29936	0.29908	0.30458	0.33172	0.3535	0.4036	0.4552	0.49756	0.53236	0.56724	0.59884	0.63854	0.6829	0.7394	0.79694	0.85814	0.9159	0.95408	0.98294	1.0042	1.0218	1.0637	1.0892		G4	
0.27506	0.27296	0.27146	0.27496	0.27398	0.27436	0.2744	0.27598	0.27512	0.2759	0.27786	0.2813	0.28418	0.28936	0.29768	0.30482	0.32076	0.33632	0.35796	0.38116	0.41494	0.44518	0.46456	0.47232	0.48762	0.51406	0.55704	0.61384	0.67292	0.7382	0.7793	0.81032	0.84292	0.88158	0.91512	0.94744	0.96546	0.98378	1.0189	1.0364	1.0754	1.0946	1.1133	1.1292	1.1471	1.1699		G5	
0.2494	0.24852	0.24792	0.24934	0.24766	0.2497	0.24746	0.25062	0.24846	0.25024	0.25012	0.25002	0.25298	0.25276	0.25644	0.25886	0.26636	0.27652	0.28446	0.29688	0.30848	0.32798	0.34568	0.37846	0.39896	0.43058	0.45618	0.48046	0.50396	0.52516	0.54738	0.5848	0.63306	0.68526	0.74104	0.77548	0.80716	0.86196	0.92424	0.95394	0.97108	0.9972	1.0239	1.0509	1.1163	1.1692		G6	
0.29478	0.29576	0.2941	0.29368	0.29732	0.29478	0.29696	0.29902	0.29958	0.30336	0.3061	0.31164	0.3184	0.32284	0.33002	0.34692	0.37832	0.41648	0.44404	0.45766	0.49004	0.562	0.5924	0.64962	0.71282	0.77974	0.8313	0.8884	0.92602	0.95808	0.98936	1.0174	1.0436	1.0691	1.0949	1.1114	1.1398	1.1694	1.1861	1.2048	1.2187	1.2341	1.2378	1.2511	1.2443	1.2526		G7	
0.26088	0.25958	0.25896	0.25846	0.2591	0.25858	0.26098	0.26074	0.2597	0.26084	0.26108	0.26214	0.26396	0.26452	0.26792	0.27114	0.27832	0.28424	0.28812	0.29556	0.30252	0.31348	0.32766	0.34236	0.35676	0.37236	0.3892	0.40784	0.42514	0.43586	0.45382	0.47226	0.48716	0.51016	0.53654	0.57306	0.61442	0.66232	0.72274	0.77802	0.81956	0.85862	0.88626	0.9062	0.93388	0.95414		G8	
0.29258	0.2911	0.29048	0.29224	0.29058	0.291	0.29192	0.29478	0.29366	0.29438	0.29564	0.29658	0.2967	0.30156	0.30674	0.31428	0.32182	0.3295	0.34268	0.35578	0.37212	0.39222	0.41236	0.4344	0.45656	0.48102	0.5049	0.52402	0.5481	0.5742	0.6168	0.66728	0.72866	0.79478	0.86038	0.90492	0.95018	1.0093	1.0579	1.0905	1.1053	1.1257	1.1535	1.1666	1.2038	1.2297		G9	
0.31088	0.3076	0.30834	0.30612	0.30722	0.30718	0.30742	0.3099	0.3065	0.30828	0.30696	0.308	0.30628	0.30606	0.31008	0.31302	0.31386	0.3134	0.31748	0.32296	0.32238	0.32676	0.3292	0.33528	0.33634	0.34138	0.34616	0.34958	0.35902	0.36708	0.379	0.38466	0.4005	0.41298	0.42652	0.44028	0.45986	0.47976	0.4974	0.5234	0.54416	0.5727	0.59716	0.62622	0.6597	0.68242		G10	
0.28824	0.2865	0.28468	0.2843	0.28598	0.28362	0.28632	0.28786	0.287	0.28786	0.28776	0.28858	0.2913	0.29498	0.29886	0.30466	0.31248	0.31964	0.33056	0.34418	0.3597	0.3805	0.39892	0.41994	0.4462	0.4768	0.51406	0.54076	0.57428	0.60596	0.63116	0.67188	0.71616	0.75414	0.79628	0.80994	0.83502	0.84148	0.85018	0.85834	0.86822	0.87542	0.88414	0.8911	0.8934	0.89294		G11	
0.28022	0.2792	0.2802	0.27946	0.27934	0.27728	0.27906	0.27936	0.27824	0.28014	0.28086	0.28408	0.28984	0.29146	0.30178	0.31316	0.3348	0.35562	0.39008	0.42746	0.4688	0.49808	0.52154	0.53562	0.56264	0.60346	0.6638	0.73064	0.80022	0.86196	0.90606	0.93726	0.99144	1.0109	1.0487	1.0416	1.0544	1.093	1.1558	1.1784	1.1765	1.1819	1.2018	1.2257	1.2458	1.2733		G12	
0.27004	0.27024	0.26938	0.27012	0.26918	0.26828	0.26916	0.26972	0.27004	0.26874	0.2721	0.27254	0.2748	0.27786	0.27908	0.28052	0.28768	0.29466	0.3036	0.3117	0.33252	0.3469	0.365	0.37456	0.38422	0.39454	0.40452	0.41326	0.42092	0.42706	0.44464	0.4582	0.46556	0.4822	0.50008	0.53316	0.5489	0.55806	0.5792	0.60102	0.62384	0.64552	0.67378	0.69964	0.7336	0.7644		H1	
0.27744	0.27936	0.2772	0.27806	0.27812	0.27634	0.27862	0.27932	0.27668	0.27824	0.27736	0.28178	0.28498	0.28652	0.2912	0.29432	0.30054	0.32028	0.3373	0.3552	0.38282	0.42088	0.4377	0.49154	0.53632	0.59006	0.64416	0.69648	0.75148	0.82356	0.916	0.97938	1.0281	1.0664	1.0994	1.1306	1.1518	1.183	1.2093	1.229	1.2454	1.2585	1.2691	1.2828	1.3008	1.3109		H2	
0.271	0.27052	0.26942	0.26758	0.2692	0.269	0.2716	0.27062	0.2727	0.27456	0.27696	0.28124	0.2888	0.29662	0.31044	0.3328	0.3582	0.3857	0.40784	0.41162	0.43742	0.4634	0.51132	0.55416	0.5557	0.65448	0.71428	0.75872	0.79344	0.86868	0.91924	0.91554	0.91322	0.90954	0.83818	0.84414	0.85686	0.89318	0.85882	0.90364	0.90116	0.94776	1.0561	1.0812	1.1174	1.1249		H3	
0.26182	0.26204	0.26058	0.25944	0.25996	0.25722	0.2598	0.2589	0.2605	0.2582	0.25822	0.25882	0.25936	0.25902	0.26086	0.26004	0.2615	0.2648	0.2727	0.27354	0.28006	0.29318	0.29224	0.28082	0.29008	0.2962	0.33888	0.38826	0.41524	0.46454	0.50148	0.5443	0.57212	0.6114	0.66264	0.7112	0.76908	0.83878	0.90632	0.96252	1.0034	1.0366	1.0611	1.0821	1.1257	1.1585		H4	
0.2954	0.29462	0.29206	0.2912	0.29546	0.29132	0.2943	0.2925	0.2927	0.2946	0.29568	0.29692	0.3001	0.3049	0.31034	0.31926	0.3338	0.34972	0.372	0.39936	0.42748	0.45312	0.46484	0.48412	0.50602	0.55162	0.61106	0.69114	0.77804	0.84946	0.9004	0.94262	0.9894	1.0128	1.0385	1.057	1.0731	1.1102	1.1272	1.1493	1.1568	1.1721	1.1927	1.2073	1.2289	1.2502		H5	
0.27114	0.27178	0.26928	0.27096	0.2692	0.26996	0.26928	0.27126	0.27026	0.27096	0.27274	0.27402	0.27762	0.27834	0.28238	0.28472	0.29512	0.30524	0.31838	0.33212	0.34818	0.37526	0.40146	0.42682	0.4507	0.48184	0.50626	0.52562	0.54402	0.57774	0.61684	0.66032	0.72496	0.76208	0.8065	0.83794	0.85736	0.9179	0.9791	1.0069	1.0176	1.0393	1.0737	1.1074	1.1747	1.2197		H6	
0.26676	0.26856	0.26576	0.26678	0.26688	0.2667	0.26994	0.26986	0.27098	0.27508	0.27996	0.28362	0.29242	0.29862	0.30534	0.31986	0.34592	0.38408	0.41458	0.43276	0.4611	0.5131	0.55726	0.60682	0.6746	0.72086	0.79218	0.85026	0.8879	0.92578	0.94934	0.98288	1.0095	1.036	1.0641	1.0848	1.116	1.1388	1.1524	1.1691	1.1725	1.1871	1.1879	1.2053	1.2166	1.2277		H7	
0.29816	0.30064	0.29492	0.29324	0.29418	0.2935	0.29446	0.29376	0.29328	0.29568	0.29528	0.29712	0.29712	0.29778	0.30002	0.30396	0.30928	0.3155	0.31998	0.3279	0.33136	0.33762	0.35098	0.36508	0.38026	0.39958	0.4127	0.43046	0.44888	0.46432	0.4797	0.503	0.5226	0.55216	0.59086	0.64248	0.69994	0.76914	0.84282	0.89624	0.92882	0.95784	0.98266	1.0004	1.0209	1.0389		H8	
0.2682	0.2682	0.26508	0.26654	0.26656	0.26654	0.2674	0.26864	0.2683	0.26716	0.2702	0.27084	0.27224	0.27404	0.27932	0.28588	0.29526	0.30108	0.3147	0.32452	0.34106	0.36096	0.37886	0.40252	0.42776	0.46272	0.49124	0.52554	0.55684	0.5888	0.62486	0.66404	0.70542	0.7563	0.81524	0.87082	0.92166	0.9699	1.0164	1.0587	1.0894	1.1189	1.1425	1.161	1.1829	1.203		H9	
0.27384	0.27294	0.2718	0.27142	0.27038	0.27132	0.27312	0.27224	0.27208	0.2712	0.27112	0.27316	0.27264	0.27286	0.2763	0.27546	0.27914	0.27966	0.28224	0.28362	0.28978	0.29118	0.29304	0.2974	0.29996	0.30686	0.3096	0.3191	0.32704	0.33528	0.34606	0.35478	0.3673	0.37788	0.3928	0.40744	0.42134	0.43568	0.45412	0.4719	0.49774	0.51954	0.5449	0.56868	0.59536	0.619		H10	
0.2847	0.28402	0.28442	0.282	0.2845	0.27908	0.28472	0.28364	0.28404	0.28496	0.2845	0.28484	0.28646	0.29184	0.2937	0.29834	0.30276	0.31222	0.31836	0.33076	0.34326	0.3628	0.3827	0.40676	0.42986	0.45112	0.47208	0.49684	0.52426	0.5549	0.59692	0.65076	0.71808	0.77198	0.83172	0.86734	0.89782	0.91306	0.9116	0.90968	0.91748	0.9235	0.92476	0.93242	0.9429	0.94958		H11	
0.27226	0.27146	0.27006	0.27052	0.27126	0.2702	0.27108	0.27106	0.2716	0.27474	0.27348	0.27768	0.28056	0.28726	0.2933	0.30536	0.32296	0.34364	0.37938	0.42112	0.46538	0.49488	0.52528	0.53322	0.56954	0.61368	0.67402	0.74572	0.81678	0.8783	0.92246	0.95904	1.0117	1.032	1.066	1.0611	1.0766	1.1181	1.1799	1.1975	1.1921	1.196	1.2133	1.2389	1.26	1.2896		H12	
